||Ticks|Cor1|Cor2|Cor3|Cor4|Cor5||
||   1 | 11 | 14 | 15 | 16 | 10 ||  1 |  0 |  0 |  0 |  0 |  0 |  0 |  0 |  3 |  5 |  7 |  9 | 11 |  0 |  0 |  0 | 19 |
||   1 | 12 | 13 | 17 | 18 | 19 ||  2 |  1 |  1 |  0 |  1 |  1 |  1 |  1 |  3 |  5 |  7 |  9 | 11 | 13 | 15 | 17 | 19 |
||   2 |  0 |  0 |  0 |  0 |  0 ||  2 |  1 |  1 |  0 |  1 |  1 |  1 |  1 |  3 |  5 |  7 |  9 | 11 | 13 | 15 | 17 | 19 |
||   3 |  0 |  0 |  0 |  0 |  0 ||  2 |  1 |  1 |  0 |  1 |  1 |  1 |  1 |  3 |  5 |  7 |  9 | 11 | 13 | 15 | 17 | 19 |
||   4 |  0 | 14 | 15 | 16 | 10 ||  2 |  2 |  2 |  1 |  1 |  2 |  1 |  1 |  3 |  5 |  7 |  9 | 11 | 13 | 15 |  1 | 19 |
||   6 |  0 |  0 |  0 |  0 |  0 ||  2 |  2 |  2 |  1 |  1 |  2 |  1 |  1 |  3 |  5 |  7 |  9 | 11 | 13 | 15 |  1 | 19 |
||   7 |  0 |  0 |  0 |  0 |  0 ||  2 |  2 |  2 |  1 |  1 |  2 |  1 |  1 |  3 |  5 |  7 |  9 | 11 | 13 | 15 |  1 | 19 |
||   8 |  0 |  0 |  0 |  0 |  0 ||  2 |  2 |  2 |  1 |  1 |  2 |  1 |  1 |  3 |  5 |  7 |  9 | 11 | 13 | 15 |  1 | 19 |
||   9 |  0 |  0 |  0 |  0 |  0 ||  2 |  2 |  2 |  1 |  1 |  2 |  1 |  1 |  3 |  5 |  7 |  9 | 11 | 13 | 15 |  1 | 19 |
||  10 | 11 | 14 | 15 | 16 | 10 ||  2 |  3 |  3 |  2 |  1 |  3 |  1 |  1 |  3 |  5 |  7 |  9 | 11 | 13 | 15 |  2 | 19 |
||  11 | 12 | 13 | 17 | 18 | 19 ||  3 |  4 |  4 |  2 |  2 |  4 |  2 |  1 |  3 |  5 |  7 |  9 | 11 | 13 | 15 | 17 | 19 |
||  12 |  0 |  0 |  0 |  0 |  0 ||  3 |  4 |  4 |  2 |  2 |  4 |  2 |  1 |  3 |  5 |  7 |  9 | 11 | 13 | 15 | 17 | 19 |
||  13 |  0 |  0 |  0 |  0 |  0 ||  3 |  4 |  4 |  2 |  2 |  4 |  2 |  1 |  3 |  5 |  7 |  9 | 11 | 13 | 15 | 17 | 19 |
||  15 | 11 | 14 | 15 | 16 | 10 ||  3 |  5 |  5 |  3 |  2 |  5 |  2 |  1 |  3 |  5 |  7 |  9 | 11 | 13 | 15 |  3 | 19 |
||  16 |  0 |  0 |  0 |  0 |  0 ||  3 |  5 |  5 |  3 |  2 |  5 |  2 |  1 |  3 |  5 |  7 |  9 | 11 | 13 | 15 |  3 | 19 |
||  17 |  0 |  0 |  0 |  0 |  0 ||  3 |  5 |  5 |  3 |  2 |  5 |  2 |  1 |  3 |  5 |  7 |  9 | 11 | 13 | 15 |  3 | 19 |
||  18 |  0 |  0 |  0 |  0 |  0 ||  3 |  5 |  5 |  3 |  2 |  5 |  2 |  1 |  3 |  5 |  7 |  9 | 11 | 13 | 15 |  3 | 19 |
||  19 |  0 | 14 | 15 | 16 | 10 ||  3 |  6 |  6 |  4 |  2 |  6 |  2 |  1 |  3 |  5 |  7 |  9 | 11 | 13 | 15 |  4 | 19 |
||  21 | 12 | 13 | 17 | 18 | 19 ||  4 |  7 |  7 |  4 |  3 |  7 |  3 |  1 |  3 |  5 |  7 |  9 | 11 | 13 | 15 | 17 | 19 |
||  22 |  0 |  0 |  0 |  0 |  0 ||  4 |  7 |  7 |  4 |  3 |  7 |  3 |  1 |  3 |  5 |  7 |  9 | 11 | 13 | 15 | 17 | 19 |
||  23 |  0 |  0 |  0 |  0 |  0 ||  4 |  7 |  7 |  4 |  3 |  7 |  3 |  1 |  3 |  5 |  7 |  9 | 11 | 13 | 15 | 17 | 19 |
||  24 |  0 |  0 |  0 |  0 |  0 ||  4 |  7 |  7 |  4 |  3 |  7 |  3 |  1 |  3 |  5 |  7 |  9 | 11 | 13 | 15 | 17 | 19 |
||  25 | 11 | 14 | 15 | 16 |  0 ||  4 |  8 |  8 |  5 |  3 |  8 |  3 |  1 |  3 |  5 |  7 |  9 | 11 | 13 | 15 |  5 | 19 |
||  27 |  0 |  0 |  0 |  0 |  0 ||  4 |  8 |  8 |  5 |  3 |  8 |  3 |  1 |  3 |  5 |  7 |  9 | 11 | 13 | 15 |  5 | 19 |
||  28 |  0 |  0 |  0 |  0 |  0 ||  4 |  8 |  8 |  5 |  3 |  8 |  3 |  1 |  3 |  5 |  7 |  9 | 11 | 13 | 15 |  5 | 19 |
||  29 |  0 |  0 |  0 |  0 |  0 ||  4 |  8 |  8 |  5 |  3 |  8 |  3 |  1 |  3 |  5 |  7 |  9 | 11 | 13 | 15 |  5 | 19 |
||  30 | 11 | 14 | 15 | 16 | 10 ||  4 |  9 |  9 |  6 |  3 |  9 |  3 |  1 |  3 |  5 |  7 |  9 | 11 | 13 | 15 |  6 | 19 |
||  31 | 12 | 13 | 17 | 18 | 19 ||  5 | 10 | 10 |  6 |  4 | 10 |  4 |  1 |  3 |  5 |  7 |  9 | 11 | 13 | 15 | 17 | 19 |
||  33 |  0 |  0 |  0 |  0 |  0 ||  5 | 10 | 10 |  6 |  4 | 10 |  4 |  1 |  3 |  5 |  7 |  9 | 11 | 13 | 15 | 17 | 19 |
||  34 |  0 |  0 |  0 |  0 |  0 ||  5 | 10 | 10 |  6 |  4 | 10 |  4 |  1 |  3 |  5 |  7 |  9 | 11 | 13 | 15 | 17 | 19 |
||  35 | 11 | 14 | 15 | 16 | 10 ||  5 | 11 | 11 |  7 |  4 | 11 |  4 |  1 |  3 |  5 |  7 |  9 | 11 | 13 | 15 |  7 | 19 |
||  36 |  0 |  0 |  0 |  0 |  0 ||  5 | 11 | 11 |  7 |  4 | 11 |  4 |  1 |  3 |  5 |  7 |  9 | 11 | 13 | 15 |  7 | 19 |
||  37 |  0 |  0 |  0 |  0 |  0 ||  5 | 11 | 11 |  7 |  4 | 11 |  4 |  1 |  3 |  5 |  7 |  9 | 11 | 13 | 15 |  7 | 19 |
||  39 |  0 |  0 |  0 |  0 |  0 ||  5 | 11 | 11 |  7 |  4 | 11 |  4 |  1 |  3 |  5 |  7 |  9 | 11 | 13 | 15 |  7 | 19 |
||  40 | 11 | 14 | 15 | 16 | 10 ||  5 | 12 | 12 |  8 |  4 | 12 |  4 |  1 |  3 |  5 |  7 |  9 | 11 | 13 | 15 |  8 | 19 |
||  41 | 12 | 13 | 17 | 18 | 19 ||  6 | 13 | 13 |  8 |  5 | 13 |  5 |  1 |  3 |  5 |  7 |  9 | 11 | 13 | 15 | 17 | 19 |
||  42 |  0 |  0 |  0 |  0 |  0 ||  6 | 13 | 13 |  8 |  5 | 13 |  5 |  1 |  3 |  5 |  7 |  9 | 11 | 13 | 15 | 17 | 19 |
||  43 |  0 |  0 |  0 |  0 |  0 ||  6 | 13 | 13 |  8 |  5 | 13 |  5 |  1 |  3 |  5 |  7 |  9 | 11 | 13 | 15 | 17 | 19 |
||  44 |  0 | 14 | 15 | 16 | 10 ||  6 | 14 | 14 |  9 |  5 | 14 |  5 |  1 |  3 |  5 |  7 |  9 | 11 | 13 | 15 |  9 | 19 |
||  46 |  0 |  0 |  0 |  0 |  0 ||  6 | 14 | 14 |  9 |  5 | 14 |  5 |  1 |  3 |  5 |  7 |  9 | 11 | 13 | 15 |  9 | 19 |
||  47 |  0 |  0 |  0 |  0 |  0 ||  6 | 14 | 14 |  9 |  5 | 14 |  5 |  1 |  3 |  5 |  7 |  9 | 11 | 13 | 15 |  9 | 19 |
----------------------------------------------
RMS Multicore on FreeRTOS Complete 
 parallella@parallella:~/boardExec$ 